function x = qn1()
x=[10 30 10 30 5.9 34.1 20 20 20 20 20 20 20];
y=[20 20 50 50 35 35 13.8 56.2 35 35 35 35 35];
z=[1.87 3.79 2.73 3.03 2.09 5.28 2.22 2.08 4.44 4.05 4.04 3.91 3.93];


xy=x'.*y';
x2=x'.*x';
y2=y'.*y';
A=[x'.*0+1 x' y' xy x2 y2];
A_b=A'*z';
A_A=A'*A;
R=rref([A_A A_b])

s=R(:,7);
a=s(1);
b=s(2);
c=s(3);
d=s(4);
e=s(5);
f=s(6);
% Solve A'Ax=A'b

A2=[2*e d; d 2*f];
B2=[-b ; -c];

R2=A2\B2


end